4100393247026131|12|2027|694
4100392475153708|04|2031|390
4100392820577288|04|2026|380
4100390673403446|05|2031|820
4100393645327867|05|2029|882
4100393370522377|06|2031|559
4100391444134211|11|2032|958
4100391185527581|08|2031|312
4100391161723105|10|2025|598
4100392186760288|06|2031|323
4100397461485436|10|2026|186
4100396271817523|02|2029|090
4100396220263167|09|2027|937
4100394082838515|06|2026|670
4100397734337042|12|2028|342
4100393563483270|06|2030|317
4100398885852003|05|2026|031
4100396637087571|10|2024|231
4100396700314233|06|2029|444
4100393303407365|12|2029|108
4100397618487863|11|2028|934
4100391378112605|10|2026|786
4100395374355712|07|2024|082
4100395166734363|02|2032|925
4100392051617860|12|2028|884
4100394260555410|02|2027|844
4100392586252571|04|2032|785
4100397442312758|09|2029|183
4100397270307433|07|2029|050
4100398425753711|05|2027|106
4100395483370818|03|2026|219
4100390268676711|12|2032|502
4100390281628418|03|2032|565
4100390557647183|02|2027|991
4100397060020535|07|2027|269
4100395304472660|10|2026|211
4100396227144857|08|2031|401
4100396543607686|09|2024|538
4100396480188310|07|2024|373
4100395841650885|02|2031|707
4100394360251332|07|2026|378
4100393203258215|11|2032|701
4100390268073141|11|2028|031
4100394734815101|09|2025|757
4100397716416756|07|2030|084
4100392682873551|01|2029|902
4100392378050811|05|2026|552
4100392558408250|12|2027|211
4100390240122321|07|2028|848
4100397754634211|04|2027|005
4100396856781755|12|2028|774
4100390273170361|06|2027|623
4100390553306388|04|2027|721
4100391345266880|04|2031|909
4100396885360225|06|2030|775
4100390780276842|02|2031|430
4100398812624863|04|2029|363
4100398833064701|02|2025|867
4100396812500067|09|2025|036
4100394877010551|05|2028|927
4100391467164756|12|2031|316
4100391230248670|06|2032|588
4100397140313801|11|2030|511
4100394011884176|09|2024|469
4100393427830831|12|2031|763
4100390883776664|02|2031|663
4100398447364174|05|2025|370
4100390563553854|03|2029|636
4100392415874504|10|2032|531
4100398566202361|12|2024|147
4100394486776865|05|2030|475
4100393676185630|07|2026|618
4100392278288735|05|2028|871
4100392703068520|02|2026|283
4100397270460281|11|2031|570
4100395055616036|07|2028|789
4100397001052274|01|2029|267
4100391485578623|09|2029|024
4100391387031127|08|2026|679
4100397448055187|06|2031|515
4100390440022438|06|2030|938
4100396084851016|09|2028|153
4100395344367623|03|2029|541
4100398432486115|11|2024|767
4100390301418568|05|2032|715
4100391545161238|09|2025|653
4100398622026556|04|2028|930
4100394046074843|05|2029|757
4100398053370432|03|2031|850
4100392756843530|05|2025|621
4100398622172764|07|2031|329
4100393273078501|12|2028|411
4100397787386565|07|2025|092
4100395481778038|11|2028|428
4100391355288873|09|2028|245
4100394105847063|11|2029|334
4100391210618686|03|2025|474
4100393588150714|03|2026|380
4100393578865701|06|2030|089
4100398847284147|10|2030|503
4100398346618571|11|2030|086
4100390433048556|08|2029|984
4100398826100728|05|2028|577
4100393875823486|07|2032|333
4100390166802666|02|2029|654
4100396016050117|04|2026|751
4100390380241634|05|2026|567
4100392553507726|09|2026|795
4100391583655513|01|2031|063
4100395127402217|06|2024|517
4100396553332365|08|2031|939
4100396725833043|09|2029|484
4100393383708336|10|2030|570
4100398456037570|09|2032|629
4100394705458501|08|2032|919
4100398853257664|10|2024|559
4100394782070864|09|2029|290
4100398515528817|02|2024|446
4100394415722386|09|2028|147
4100395234402571|05|2026|179
4100391604162283|09|2026|443
4100395165277422|09|2032|393
4100391646730253|10|2025|510
4100397254132807|07|2024|441
4100393518347778|04|2032|606
4100395371072237|04|2024|605
4100395356371125|01|2024|276
4100396083858822|01|2028|710
4100397308531657|12|2029|972
4100395560037611|05|2028|561
4100397285666336|02|2024|423
4100391847528357|08|2024|004
4100397754018613|07|2032|244
4100390284378730|08|2032|919
4100397853803576|10|2028|121
4100392431845280|07|2024|571
4100394114182221|11|2028|356
4100398282448876|09|2030|343
4100390765478843|01|2026|568
4100397382766757|03|2031|945
4100394662351004|09|2024|054
4100391728123161|04|2028|992
4100398436017403|05|2029|893
4100393516033230|03|2026|089
4100394361417247|03|2027|782
4100397106143887|02|2028|176
4100398866806317|06|2024|210
4100390428524017|01|2024|084
4100394856745243|05|2032|057
4100392728652167|01|2027|938
4100396003803353|07|2025|222
4100397566414422|10|2025|043
4100396105270246|11|2027|763
4100392210360204|07|2031|273
4100392018527301|11|2028|231
4100391377270347|02|2025|019
4100395174406541|04|2030|176
4100396251753334|07|2027|000
4100397217864066|08|2032|227
4100397813864577|04|2028|609
4100391102583808|11|2025|694
4100393028602480|08|2030|080
4100391465030124|10|2031|362
4100392178616340|08|2030|518
4100397527242557|09|2028|502
4100395082837332|12|2032|194
4100398362443524|01|2024|111
4100396471063126|06|2027|098
4100390770618136|10|2030|494
4100391327680520|08|2032|448
4100398110424388|11|2029|555
4100396285840156|07|2028|750
4100396886103673|03|2029|019
4100392678314701|04|2025|648
4100396130038832|07|2026|525
4100391012506188|12|2031|829
4100396504456156|04|2025|078
4100397323156266|02|2028|815
4100398874866782|03|2031|093
4100390506248224|05|2029|620
4100390740331810|08|2025|045
4100391870710658|07|2028|875
4100391410875680|12|2029|614
4100398640584362|04|2028|798
4100393212032601|07|2026|516
4100396517221548|11|2025|069
4100396348756431|07|2026|516
4100394018677821|06|2025|181
4100391015386448|02|2029|574
4100397630840230|12|2028|211
4100397638865734|03|2026|825
4100393361713316|10|2024|973
4100391566171363|11|2030|307
4100398256816686|11|2025|992
4100397378204714|03|2024|623
4100394230263731|03|2025|612
4100390557866643|04|2031|858
4100395648715154|10|2025|960
4100392358404657|12|2031|128
4100394341284345|01|2029|440
4100398352686173|01|2029|188
4100391606174260|10|2025|100
4100392586855357|11|2031|205
4100393853227510|12|2028|798
4100390008538080|02|2027|386
4100390756531030|07|2029|853
4100398307116318|05|2025|924
4100395340325344|01|2028|904
4100393062706668|11|2029|618
4100394624836035|05|2032|408
4100391705713463|01|2024|939
4100395737123435|04|2024|503
4100395535710318|08|2027|716
4100396420700851|04|2027|031
4100393461624223|09|2027|538
4100398147137268|01|2028|861
4100391030273456|12|2026|677
4100392708454261|03|2025|119
4100390410751024|08|2032|888
4100396837444630|04|2025|464
4100395640337742|10|2030|841
4100394672078167|02|2027|260
4100398177704540|11|2029|116
4100393004585568|06|2029|325
4100391154206134|08|2027|436
4100395623006157|01|2031|411
4100398234184231|02|2030|827
4100393328477260|06|2031|453
4100398137305578|04|2026|226
4100396177274126|11|2032|837
4100391102387457|01|2027|053
4100395238816321|10|2024|102
4100390062847542|12|2027|239
4100391614531642|05|2025|941
4100390728372406|12|2030|565
4100392560465736|07|2030|967
4100396275470881|06|2026|706
4100394615537378|06|2024|732
4100392654666330|08|2030|183
4100391611085378|10|2026|849
4100392301077865|07|2032|114
4100397751106288|12|2027|257
4100393524851888|01|2024|774
4100392143257360|12|2031|687
4100395882810877|07|2025|332
4100392072320775|10|2026|729
4100394245505225|12|2028|630
4100395360534387|11|2028|034
4100396712827263|08|2026|930
4100395037157224|10|2027|622
4100393366435824|07|2025|223
4100396400524487|07|2028|207
4100396613647141|11|2027|122
4100395262830008|06|2026|813
4100395370765625|09|2032|423
4100396750062013|05|2031|628
4100398216601327|07|2030|495
4100391558511170|03|2028|792
4100391474082066|11|2031|213
4100391734418852|08|2028|372
4100393344387154|12|2028|262
4100396207426712|03|2028|610
4100397705730530|04|2026|135
4100394434743165|01|2031|701
4100396411538013|06|2025|477
4100394284831656|12|2028|974
4100395162646363|06|2025|508
4100395035244131|07|2029|958
4100395110570103|03|2027|748
4100397643153852|01|2024|587
4100392287507174|11|2030|059
4100398823245245|11|2028|348
4100391476007046|06|2026|472
4100397440632025|12|2029|474
4100398074710681|10|2029|787
4100390710612264|07|2028|313
4100394143872164|10|2030|225
4100396768684535|01|2026|545
4100394156857714|08|2026|261
4100395336540138|02|2030|315
4100396750378302|09|2025|422
4100393621175488|05|2032|809
4100394316220720|05|2028|219
4100393267520187|09|2026|792
4100398331044601|05|2030|695
4100395240563705|04|2032|794
4100390337020107|04|2027|913
4100393084418755|07|2032|188
4100390362762870|02|2030|672
4100393135378727|12|2026|070
4100398250710117|05|2024|184
4100394205742503|08|2025|365
4100393002225464|04|2031|347
4100391104527258|11|2025|424
4100398866078222|10|2026|100
4100398804383585|11|2031|516
4100395468228288|07|2029|387
4100395403172252|02|2031|099
4100392861521013|11|2030|482
4100395865410836|02|2029|880
4100394542611338|04|2028|763
4100394635555780|05|2032|226
4100392310856754|03|2029|516
4100396411330544|11|2029|697
4100393722042108|12|2030|327
4100392178382547|10|2024|285
4100394177542741|02|2024|994
4100390274284468|08|2032|467
4100395400587585|03|2027|716
4100392253225876|03|2030|362
4100396673371582|11|2027|291
4100393123320756|08|2031|532
4100391470837430|01|2026|380
4100397031625172|03|2029|658
4100392651460281|11|2024|798
4100391361632718|04|2029|200
4100395336850321|02|2027|406
4100391288577467|12|2030|893
4100395018381512|02|2029|297
4100392335032753|10|2024|284
4100396871743343|06|2031|113
4100395344250118|02|2029|128
4100398343587662|04|2027|315
4100395741622174|04|2029|724
4100397165174732|10|2025|501
4100396832747631|11|2026|313
4100392636361430|01|2027|722
4100396484458867|03|2025|713
4100398541703558|09|2031|739
4100394841208778|04|2028|871
4100392885846040|06|2026|592
4100398078208856|03|2032|101
4100397441172674|10|2027|234
4100393231123324|03|2031|872
4100393056871213|03|2027|443
4100390077682231|11|2029|556
4100397840828231|08|2031|844
4100394002734141|12|2025|212
4100393707420006|10|2028|985
4100395720651707|02|2028|549
4100394726042607|07|2028|623
4100392450725082|04|2026|958
4100398851100668|09|2032|235
4100392250028745|09|2027|536
4100391142470610|03|2032|006
4100393226577476|05|2026|373
4100398603465716|06|2024|187
4100391085370843|06|2032|370
4100394703865533|02|2025|386
4100397483360138|09|2028|769
4100390745630828|10|2024|623
4100396263054812|07|2029|681
4100397834686215|02|2026|907
4100390886068663|01|2031|035
4100391655612020|08|2025|291
4100396385753267|05|2031|918
4100392063757621|05|2032|333
4100390532183288|11|2030|571
4100396542226116|07|2030|580
4100393117066050|08|2026|174
4100390072300227|11|2024|502
4100392342543735|02|2032|126
4100391266838881|06|2028|893
4100390800781706|09|2031|109
4100391323542807|05|2028|445
4100392156508444|07|2028|321
4100390258300827|03|2029|411
4100391415122260|03|2029|782
4100395065466828|06|2029|860
4100397338317234|07|2029|846
4100390384582074|07|2025|887
4100394680002233|04|2026|323
4100398735564857|07|2024|124
4100392012886547|07|2025|430
4100398417466611|04|2028|024
4100394404223842|09|2030|679
4100398367351185|12|2027|785
4100390466543564|10|2030|904
4100394244456271|09|2032|070
4100396272184378|04|2024|634
4100395810066022|10|2025|574
4100397555236588|04|2027|864
4100394303867822|01|2024|430
4100398752008416|07|2029|385
4100393528222185|11|2025|293
4100394440030615|11|2031|828
4100398133514314|01|2028|963
4100395420346863|03|2031|493
4100391374343725|07|2027|905
4100394578062471|05|2031|440
4100390806000580|05|2025|154
4100395810507785|02|2027|313
4100397513024365|02|2027|444
4100391420484325|07|2025|291
4100393575137575|02|2031|417
4100396200786401|06|2031|289
4100393100024413|11|2030|929
4100395787586457|06|2025|031
4100390548288071|11|2024|753
4100398421838318|06|2029|047
4100396686876387|07|2030|953
4100391707783175|03|2031|660
4100394145757777|12|2029|233
4100394077234142|05|2028|124
4100396152374180|10|2032|476
4100394335681712|11|2025|170
4100395070420125|12|2028|419
4100395867022431|06|2031|972
4100397087383171|12|2032|494
4100392715177350|12|2026|529
4100394146753544|03|2024|432
4100396751325112|02|2029|912
4100395310131326|08|2025|590
4100398133736008|05|2027|333
4100395283222771|01|2029|417
4100391188287712|10|2026|802
4100398077046034|08|2031|805
4100397144322824|11|2025|200
4100396578028774|10|2024|781
4100397586825805|12|2024|496
4100390287064212|10|2031|425
4100392863800837|04|2030|867
4100398332656734|10|2026|173
4100394845523677|05|2028|048
4100394760304087|11|2026|631
4100396043427213|01|2024|440
4100394326401013|02|2024|974
4100391483672865|07|2024|860
4100395031552370|07|2030|376
4100393614838506|03|2028|285
4100392504387012|12|2024|127
4100392071272118|06|2028|905
4100394152243737|02|2028|700
4100398068838704|03|2026|473
4100392361485412|02|2027|283
4100395654207260|08|2027|763
4100392081326151|11|2027|112
4100395438301488|11|2026|019
4100392764171304|11|2031|830
4100392831134541|08|2028|317
4100391856745363|12|2029|856
4100392547082588|11|2028|547
4100398087840277|11|2030|054
4100395485784644|05|2030|356
4100395048567551|05|2026|313
4100396848284421|05|2026|017
4100395362881240|10|2028|808
4100391178174656|05|2029|260
4100394420780825|08|2029|580
4100396373635021|01|2026|861
4100392034840670|10|2027|647
4100397788208321|05|2026|909
4100397411556716|10|2027|639
4100391610501375|02|2027|425
4100396251245505|07|2025|854
4100390685087526|09|2030|393
4100390584488841|09|2025|481
4100393524322302|04|2027|807
4100397712108878|06|2030|600
4100392640313633|11|2026|357
4100394078332002|01|2024|349
4100397164260243|09|2025|708
4100390108432333|04|2030|196
4100394751525260|10|2032|023
4100390337424655|10|2024|020
4100394272044155|11|2029|746
4100394787660602|03|2028|627
4100396413876585|04|2028|983
4100393310236807|09|2030|513
4100395645632865|09|2032|164
4100396515068420|08|2031|057
4100393645754375|03|2030|276
4100396302521631|11|2026|079
4100396688112252|10|2029|078
4100394780284657|12|2024|562
4100398658564611|04|2025|488
4100395748465551|05|2029|639
4100397480758276|07|2024|315
4100393061212221|09|2032|811
4100392331664724|02|2032|191
4100398067221712|03|2031|438
4100390838678510|11|2032|572
4100392560688568|11|2029|876
4100390444582601|04|2028|347
4100393867385866|11|2031|736
4100393140032533|06|2027|041
4100392617385705|05|2025|643
4100394747233763|02|2026|050
4100395072873461|09|2024|664
4100393711583880|01|2031|820
4100396076324113|03|2027|412
4100398568558810|09|2024|441
4100398660620120|01|2026|385
4100390521711800|09|2026|571
4100398313574625|01|2028|466
4100396773560241|05|2032|961
4100390202237646|03|2028|208
4100390842545143|02|2030|771
4100392634151312|09|2029|592
4100390614145882|05|2024|080
4100395438215514|11|2025|396
4100396132380364|11|2032|989
4100392463581407|05|2030|644
4100393541537734|12|2031|648
4100396807235000|02|2030|565
4100392855753333|08|2031|865
4100396280183073|12|2028|796
4100397234762558|09|2027|300
4100396422722747|10|2030|889
4100393633105473|05|2026|531
4100398057181124|02|2032|339
4100392846401158|01|2024|260
4100395351226621|08|2030|407
4100391103382713|04|2032|063
4100395454554747|05|2032|544
4100391338173002|02|2027|877
4100398332374478|02|2027|883
4100398235102430|01|2024|164
4100391317571283|10|2026|691
4100392706710607|07|2032|245
4100390683847046|08|2025|730
4100396654667636|09|2031|893
4100393681158374|10|2031|158
4100393126344530|06|2024|051
4100397720452243|02|2032|978
4100394452601022|09|2030|798
4100391202527408|09|2026|397
4100397415465427|11|2029|820
4100393772135000|07|2025|527
4100396743188206|10|2027|366
4100396358062241|04|2024|705
4100390800858785|05|2027|490
4100393250576725|04|2025|664
4100397132123028|05|2031|802
4100398520822114|06|2028|823
4100391543615078|08|2024|710
4100390545200624|01|2024|266
4100394867131425|12|2027|393
4100393287357172|06|2030|424
4100393055871883|02|2024|420
4100392401875531|10|2024|798
4100393836286211|08|2030|439
4100392765582137|07|2026|598
4100396453783352|09|2026|518
4100397575588323|06|2026|757
4100391754122228|01|2027|046
4100397002111343|02|2024|429
4100391403283512|11|2029|211
4100396834522826|04|2027|740
4100390201112824|12|2031|783
4100393518513528|11|2031|423
4100390840644617|08|2032|513
4100390165651874|03|2032|701
4100393218848703|05|2030|019
4100394853773446|05|2025|326
4100393442250528|12|2026|601
4100398851244425|09|2029|581
4100393760674473|08|2024|076
4100390314288636|06|2028|132
4100392405333842|08|2031|196
4100393321856064|01|2027|543
4100390160481756|12|2027|041
4100394747160032|11|2031|582
4100390375282445|02|2026|721
4100392677531172|07|2025|681
4100395755603672|08|2030|637
4100396017848857|08|2030|542
4100398048487218|11|2028|475
4100398008607342|02|2029|305
4100390530784715|01|2024|168
4100397014264841|10|2029|659
4100391348627831|08|2032|440
4100397271121247|06|2029|162
4100398786844158|06|2030|885
4100396201277137|01|2031|470
4100393606877108|11|2025|100
4100398785324830|02|2031|914
4100396478053328|04|2029|629
4100394885437051|03|2026|103
4100391725286730|12|2029|109
4100394774381360|06|2027|284
4100396212070810|09|2032|063
4100394586352872|07|2026|883
4100390687071270|01|2029|244
4100398680543864|01|2028|550
4100390155370634|09|2028|529
4100393024283087|04|2024|203
4100394432073375|03|2028|301
4100393160275335|11|2027|907
4100390124802386|08|2032|078
4100392218365106|05|2030|173
4100395342303547|04|2032|071
4100394027151545|02|2030|254
4100392738346206|12|2029|327
4100390574348575|03|2029|619
4100394568771255|01|2030|934
4100394427743040|03|2027|729
4100397274205500|06|2025|176
4100391782068674|06|2027|857
4100395346401784|07|2032|347
4100392474630441|01|2031|980
4100393683251862|02|2029|818
4100398608480785|03|2024|950
4100395218763048|07|2029|737
4100391357527401|10|2027|827
4100391752867378|11|2031|989
4100391724008523|12|2027|464
4100392777764087|07|2031|640
4100396138088581|03|2024|782
4100398108672576|12|2028|215
4100394741111676|05|2031|260
4100394521545358|07|2030|298
4100394260566722|01|2030|476
4100396738682072|08|2029|145
4100391567010248|11|2029|614
4100398388655226|12|2032|187
4100390855437444|02|2027|605
4100396171116646|12|2028|419
4100398543505787|08|2026|785
4100398137121611|09|2028|669
4100396064637476|03|2025|346
4100398171570665|09|2024|689
4100397735117450|10|2025|018
4100398675618663|03|2024|580
4100397472422022|08|2025|290
4100394126230182|04|2032|680
4100397738550640|10|2026|198
4100397282172718|11|2027|829
4100398534341234|05|2031|483
4100394827655604|11|2031|213
4100394654333838|04|2031|741
4100394781051808|01|2029|379
4100393115815268|04|2027|383
4100396252712636|07|2029|215
4100394665122303|07|2028|893
4100393875124372|09|2025|052
4100391255283610|05|2030|164
4100392834256358|04|2031|076
4100395132711412|11|2024|530
4100398556671674|07|2027|578
4100391540238346|05|2032|445
4100393331622548|11|2030|782
4100397044801711|05|2032|906
4100397258400861|06|2025|383
4100391726013125|11|2028|749
4100393101222263|07|2028|052
4100390248250603|04|2027|609
4100393061814653|11|2026|563
4100396086107508|03|2026|007
4100396643712501|09|2031|704
4100397108205015|10|2030|254
4100397016830144|08|2031|261
4100394584466641|06|2024|986
4100398132304444|07|2026|067
4100394410147282|10|2031|790
4100395062062323|05|2031|463
4100390323335832|02|2031|218
4100395150637721|05|2027|629
4100391774556587|07|2028|500
4100394733114233|06|2030|600
4100398633055123|12|2031|744
4100395584112788|07|2025|304
4100396118615650|12|2030|692
4100394653875805|10|2031|029
4100392553132251|06|2027|201
4100395455878566|10|2029|823
4100398681220306|09|2030|171
4100391266111602|08|2029|040
4100395871082827|04|2028|180
4100398435541502|10|2025|036
4100394467814214|03|2029|805
4100392516581263|07|2030|572
4100396620447741|07|2030|187
4100398558057161|03|2031|374
4100397160177037|08|2024|559
4100390754435317|10|2031|002
4100392021016565|11|2028|397
4100394103245211|12|2029|488
4100398814064720|05|2025|831
4100391148858552|07|2029|988
4100391186874354|10|2027|257
4100390012450322|06|2024|599
4100398033258483|04|2031|928
4100394174718542|08|2028|164
4100397238687801|01|2032|403
4100398877470707|05|2029|773
4100392713487314|07|2025|483
4100392180335244|09|2028|420
4100394015702564|11|2031|940
4100393033405044|11|2027|202
4100390226833487|11|2026|804
4100394146507346|12|2031|787
4100393768550618|08|2024|811
4100393550275416|07|2030|282
4100397784827058|12|2026|139
4100397522782656|03|2027|492
4100395751674263|01|2032|348
4100391324300874|12|2028|931
4100397548570283|08|2025|044
4100398428812332|04|2026|744
4100395460542231|09|2032|089
4100398318154415|03|2032|556
4100391622202855|10|2031|990
4100393337766554|02|2026|884
4100392840311627|07|2027|345
4100392462181308|06|2028|416
4100395101582356|11|2032|285
4100395423521686|10|2032|047
4100397786807678|03|2029|640
4100396650581658|10|2027|618
4100392715760858|12|2027|103
4100396646167273|02|2029|177
4100392377762705|01|2026|304
4100394614883542|08|2027|148
4100391586706578|02|2030|707
4100394572714267|05|2026|032
4100390566304545|01|2029|959
4100394030327132|08|2028|216
4100398275118783|03|2030|878
4100395850447272|01|2025|016
4100395882765808|03|2026|942
4100393560682460|05|2024|746
4100393616785846|05|2032|355
4100393568864243|12|2026|702
4100390215822228|08|2031|186
4100395024034121|05|2029|329
4100394367707674|01|2031|670
4100394325845780|06|2031|426
4100391458202664|01|2025|149
4100391628078622|03|2031|131
4100393850554346|11|2028|102
4100390523815484|12|2027|524
4100396830555648|01|2028|039
4100396537554548|10|2025|732
4100391510167251|10|2030|786
4100396122366712|01|2025|962
4100398282212777|05|2025|014
4100395603223202|01|2032|051
4100393603280835|05|2024|225
4100393000623215|03|2025|485
4100395575252445|11|2025|002
4100398411868432|11|2026|846
4100393512274523|05|2029|694
4100391716607365|10|2026|332
4100390278684853|06|2026|754
4100391148411410|10|2028|783
4100390163413426|03|2031|968
4100393636150518|03|2030|072
4100397855810421|09|2029|758
4100396480458168|02|2030|600
4100397125277245|08|2026|482
4100391480617855|03|2024|676
4100393338300304|11|2029|119
4100398788657087|07|2032|530
4100395672363178|08|2024|490
4100397015236046|06|2028|366
4100395880558221|07|2029|587
4100393778441741|12|2028|904
4100398162350002|02|2031|372
4100396564042318|08|2030|088
4100394522470168|11|2031|081
4100392701650113|03|2029|430
4100393888155231|11|2025|304
4100392613178260|12|2027|499
4100392241066473|07|2025|598
4100393622773562|03|2027|884
4100394087084842|03|2025|432
4100390215206067|10|2026|909
4100390258775762|12|2029|986
4100390441260854|04|2031|931
4100391582821603|12|2028|286
4100398481364510|12|2031|243
4100398683036734|06|2029|195
4100393080114135|04|2025|519
4100392272130362|06|2027|377
4100395576380153|04|2032|797
4100391384221606|01|2030|625
4100395766328533|03|2024|901
4100397445463384|08|2026|186
4100394418028047|01|2031|721
4100392336025350|06|2029|427
4100397231471468|06|2031|337
4100398182866433|05|2032|611
4100394000580181|09|2030|246
4100398543808231|08|2025|103
4100397665113347|03|2027|867
4100396084676553|04|2025|321
4100393858648405|11|2028|240
4100394884835545|06|2024|567
4100397378327226|11|2026|608
4100393423507250|01|2026|623
4100390120535188|11|2027|480
4100397428275854|02|2025|505
4100392168604744|09|2026|998
4100392741351573|09|2028|423
4100397807128542|03|2026|340
4100394841016155|05|2025|537
4100393715834305|10|2027|276
4100396457153743|11|2028|044
4100397841330344|03|2024|166
4100393847338324|10|2024|445
4100396221534764|09|2025|913
4100391833483310|10|2028|540
4100395580617400|11|2030|887
4100393827248766|04|2025|332
4100397215716714|01|2029|707
4100395648682032|01|2026|300
4100396831817104|02|2028|703
4100396541887157|08|2026|140
4100390602485548|12|2026|249
4100393355644725|07|2027|125
4100392850712573|10|2024|406
4100396204741873|05|2026|946
4100397536228233|05|2029|444
4100396803563124|10|2030|718
4100397127685320|06|2030|421
4100390845537121|11|2024|952
4100397704604512|04|2032|840
4100392788507731|12|2025|973
4100393041056474|05|2026|461
4100395887105257|01|2026|953
4100394162207110|05|2031|162
4100392346850763|02|2027|098
4100390553032471|06|2027|109
4100392417630136|03|2029|226
4100395370154655|01|2028|442
4100391257718217|11|2025|537
4100391467352682|12|2026|187
4100397677284466|04|2028|253
4100391816736460|08|2024|292
4100394514076106|09|2026|191
4100398073664525|08|2031|137
4100391131772117|10|2030|123
4100393475668315|01|2026|415
4100391173812581|05|2030|555
4100396148026852|11|2030|061
4100390084444674|05|2024|449
4100395761763353|05|2025|440
4100391548043235|10|2024|696
4100398706070868|09|2028|171
4100398388088576|09|2024|500
4100391635478534|10|2025|718
4100396436480605|06|2027|350
4100398051534484|12|2031|476
4100390132686045|01|2030|518
4100398763771663|09|2029|222
4100398172820507|07|2026|303
4100396530087876|07|2032|664
4100395047618272|03|2027|530
4100392346083753|07|2027|502
4100398462224857|04|2027|787
4100398535182173|05|2030|900
4100391253476133|05|2026|345
4100395246247816|09|2032|239
4100397441027027|06|2024|569
4100391381530678|01|2025|217
4100392325443184|09|2032|245
4100396538030407|04|2027|260
4100394275534384|12|2028|555
4100397088277471|04|2031|919
4100390026347688|02|2025|536
4100397578405178|02|2026|826
4100398358757333|06|2031|237
4100395513457767|09|2028|435
4100395037028573|10|2028|287
4100398018614411|05|2031|169
4100394256116615|02|2029|824
4100392374661066|05|2030|325
4100391731323220|06|2032|605
4100393106516222|02|2029|836
4100393848878534|01|2031|257
4100397721165786|11|2026|283
4100398762530227|01|2028|155
4100393386342687|01|2026|736
4100394626635815|10|2029|898
4100393346860315|03|2027|820
4100390157330768|04|2029|716
4100397235176865|05|2026|935
4100390155481423|11|2032|267
4100394787416427|05|2025|953
4100396857843562|06|2024|677
4100390256201555|02|2028|407
4100397081115355|02|2032|151
4100398117360478|02|2025|703
4100391520827662|05|2031|491
4100390530467238|04|2031|302
4100390858481522|09|2024|479
4100398565546131|06|2027|102
4100396058717631|03|2027|950
4100396435357218|09|2032|321
4100396654566820|06|2028|787
4100396450323848|09|2025|425
4100392021811577|08|2031|676
4100393078014727|01|2027|769
4100396128813576|03|2027|369
4100396262580403|10|2025|009
4100397121740121|02|2029|550
4100398170824410|08|2024|182
4100391533625657|01|2030|020
4100390412517373|07|2028|888
4100392616086007|07|2027|776
4100398812126331|08|2026|374
4100397765067757|10|2029|252
4100391007478336|07|2032|686
4100397032111685|11|2030|290
4100390226584882|11|2025|433
4100395364601026|05|2027|207
4100396328415412|07|2024|701
4100392345724084|09|2028|538
4100395074745238|08|2028|337
4100392645300676|12|2027|572
4100392184684647|06|2025|910
4100393367430238|04|2027|038
4100394072352543|03|2026|005
4100391868761622|04|2030|111
4100393776042343|09|2028|646
4100390455458378|05|2030|582
4100397087487758|10|2031|154
4100393517331104|01|2025|509
4100396180117338|12|2031|734
4100391658314236|11|2027|239
4100394766051344|07|2027|276
4100392781668621|07|2028|245
4100395456578637|02|2026|646
4100392803312851|06|2030|086
4100390168031843|03|2032|228
4100393113450043|05|2027|199
4100392434433340|08|2030|575
4100397484704821|10|2027|387
4100397660350753|05|2029|683
4100394270134206|02|2026|933
4100394581133277|06|2027|102
4100391720656382|07|2024|673
4100392637162100|11|2025|419
4100390537328417|12|2031|847
4100398847725776|03|2026|312
4100396444208071|08|2026|696
4100393047662150|08|2025|278
4100394801417716|10|2031|740
4100398863130836|02|2029|355
4100391785752688|12|2030|150
4100396042852148|03|2028|832
4100398501754534|09|2027|236
4100398438760232|12|2027|340
4100395582857483|07|2030|013
4100396223276455|09|2025|118
4100396620275183|12|2029|798
4100396160363613|10|2025|280
4100391847081704|12|2032|473
4100396327035476|02|2030|773
4100390835862281|09|2027|001
4100394186327266|01|2027|052
4100394034058246|03|2029|566
4100394083708253|08|2032|164
4100391371408406|09|2025|424
4100392710445232|11|2025|958
4100394568451874|05|2028|919
4100393284705506|09|2024|707
4100394017403708|10|2032|786
4100392064603873|01|2025|981
4100398747237575|06|2030|599
4100396037778662|01|2032|716
4100394711253441|07|2032|112
4100396035455735|01|2028|190
4100398302057673|10|2030|068
4100395202034083|09|2027|864
4100393253267181|12|2032|628
4100395127410418|03|2031|041
4100397418217551|09|2027|919
4100398168662806|08|2030|701
4100391226652208|06|2024|206
4100392277535482|06|2030|642
4100391488044284|12|2025|007
4100395775750164|10|2028|083
4100392057086102|02|2025|044
4100396024637780|06|2031|143
4100391141332464|10|2030|659
4100394147103806|01|2029|453
4100391806065433|10|2029|241
4100395751838413|07|2031|279
4100390347845444|07|2032|396
4100390061008542|11|2032|004
4100397528084503|11|2024|069
4100393158483248|02|2029|437
4100392870683135|07|2031|296
4100396061141787|02|2029|580
4100392641477536|12|2024|569
4100390802436218|07|2025|541
4100392532474022|12|2026|664
4100398741346356|02|2026|835
4100393011817004|05|2032|061
4100396443681534|05|2032|499
4100395715135666|05|2026|119
4100395357343040|03|2029|083
4100390472862438|01|2025|528
4100393886453471|05|2027|655
4100391762518045|09|2031|922
4100390743475242|02|2031|959
4100398202787080|10|2025|119
4100398653035617|02|2029|141
4100398124525873|12|2032|762
4100398800816307|03|2032|631
4100397421323800|12|2030|543
4100390810557534|03|2030|068
4100397044204635|12|2025|398
4100396672871038|01|2029|978
4100390683076042|10|2028|356
4100394276705157|07|2028|147
4100395335156340|04|2030|685
4100398751665315|10|2025|590
4100392550525838|01|2028|547
4100397025887861|01|2031|695
4100397750811615|09|2027|499
4100392406707721|02|2027|026
4100394164634634|08|2028|467
4100393852808138|04|2025|445
4100393478246606|05|2029|551
4100395046554411|03|2029|601
4100397480378810|10|2024|527
4100390741688366|07|2030|140
4100396437566212|08|2029|414
4100396341765603|07|2027|320
4100397426415841|12|2031|817
4100396024428651|09|2026|905
4100393884010562|01|2032|763
4100398668106825|09|2027|452
4100396325648411|10|2032|305
4100397473555606|08|2025|527
4100397011545168|04|2028|806
4100393083431411|01|2029|619
4100397754130632|10|2024|044
4100392701304802|10|2024|472
4100398381382778|03|2024|158
4100396632842624|09|2024|028
4100397634202510|01|2024|713
4100391386663821|11|2031|444
4100390645304342|08|2028|779
4100390607172711|03|2024|570
4100392357612037|08|2029|190
4100396400508001|10|2032|152
4100397352757851|06|2028|196
4100392140416407|10|2030|534
4100392504784101|02|2032|354
4100398632268362|04|2032|651
4100392226623405|09|2032|031
4100390426248601|01|2028|909
4100398230234386|12|2030|460
4100392626517454|05|2030|981
4100397706712016|05|2027|090
4100390616861346|09|2026|192
4100393647127638|11|2025|078
4100397122256325|12|2027|158
4100397225406462|03|2028|168
4100393685820318|09|2025|755
4100394673234306|06|2030|829
4100391235641267|04|2032|327
4100397881043740|03|2028|836
4100392337383287|02|2031|040
4100394032273185|11|2025|803
4100390733424275|05|2028|813
4100392468175452|10|2024|456
4100398571771210|01|2026|165
4100398500278220|03|2027|367
4100393458281482|12|2030|902
4100390544786631|06|2032|670
4100398476562748|04|2032|929
4100391774640241|02|2030|620
4100395362133675|09|2028|962
4100393243144045|10|2024|476
4100390564551204|10|2032|196
4100396207134167|01|2028|075
4100393374513752|02|2032|492
4100395433211005|04|2030|195
4100390637051307|03|2025|328
4100390125376844|11|2026|355
4100394376473052|12|2024|964
4100393167317601|03|2032|649
4100398752605187|05|2025|827
4100393208233353|01|2030|886
4100393153477641|11|2027|863
4100394665810311|08|2028|626
4100395215802278|03|2028|930
4100396685641220|01|2032|024
4100396221544516|03|2027|501
4100393188238265|05|2030|331
4100395513604533|12|2029|030
4100397158627415|02|2025|388
4100398706510228|12|2031|759
4100394043648631|07|2029|381
4100396468036473|01|2025|644
4100391764657643|12|2031|466
4100392716204260|07|2031|143
4100394573827506|01|2025|169
4100397308828483|02|2030|156
4100396282124133|02|2031|875
4100396300348755|07|2030|808
4100394213730433|04|2027|494
4100393067883181|01|2026|383
4100397653107244|12|2029|050
4100394148213273|11|2026|138
4100392040400527|03|2026|350
4100396552483177|08|2024|457
4100394585284845|09|2025|710
4100396620068208|09|2025|039
4100392885025124|12|2028|526
4100390727414183|12|2028|841
4100398186033683|06|2027|481
4100390026335626|07|2025|724
4100395587675534|12|2025|949
4100396103855717|07|2031|158
4100391834405387|05|2026|085
4100391888181611|04|2032|967
4100390812162085|02|2029|668
4100393504182783|12|2026|140
4100394248808261|03|2028|428
4100392311254223|03|2027|236
4100398001500668|10|2028|947
4100397056414536|11|2031|745
4100398812880705|10|2026|090
4100392335027704|12|2025|406
4100392310061462|08|2027|696
4100392171337167|02|2024|662
4100397725148085|12|2024|342
4100391533051128|03|2028|909
4100392814873750|12|2032|020
4100394214308635|01|2027|363
4100395464614622|08|2031|335
4100397433357077|01|2026|282
4100395505330204|09|2027|327
4100391518075555|02|2027|926
4100392072703830|11|2026|809
4100391763500885|07|2027|961
4100395262776656|09|2032|942
4100391775428158|05|2032|463
4100394154731424|11|2027|224
4100390255128171|06|2027|672
4100391372173140|03|2031|780
4100395881087246|11|2024|852
4100396286826105|01|2024|803
4100397254668255|07|2025|929
4100392008660732|05|2029|980
4100397834130651|08|2028|169
4100390404035558|11|2026|193
4100396240777188|05|2032|139
4100391730550245|11|2032|769
4100398673563408|11|2024|715
4100397520408403|02|2032|098
4100396554446800|08|2024|415
4100394711328870|01|2024|395
4100391316868714|03|2024|977
4100397332007468|06|2027|373
4100393088042221|06|2027|166
4100394167634326|02|2026|533
4100394762318572|04|2029|687
4100392702640048|05|2029|975
4100391102568635|08|2027|780
4100396413562847|10|2029|714
4100390788616353|08|2028|036
4100398027150407|09|2032|989
4100398046038088|10|2024|937
4100392001268566|09|2027|456
4100395376503764|08|2029|167
4100393501642532|07|2028|813
4100393125653865|07|2024|239
4100394822405708|10|2031|550
4100395528700581|04|2025|996
4100398730808143|07|2028|632
4100398017684415|10|2029|181
4100391166121024|05|2031|988
4100393570304246|03|2030|412
4100392147563144|05|2032|271
4100396744720742|09|2024|148
4100392762718106|12|2028|235
4100397466014082|05|2027|254
4100397432504638|08|2024|481
4100398614007416|11|2025|721
4100391828411284|04|2024|575
4100390564741227|09|2024|034
4100394260836810|07|2024|320
4100393171063878|08|2027|963
4100397710633075|03|2028|123
4100391087018473|11|2032|902
4100396320038758|09|2029|903
4100395818326584|06|2030|353
4100397763748325|02|2024|603
4100397067865650|07|2025|793
4100392653401770|10|2028|371
4100395041357257|02|2029|544
4100390165617362|06|2026|553
4100390857415547|07|2024|499
4100390046874117|12|2024|149
4100396124362222|01|2024|423
4100393775346885|03|2029|040
4100390801712635|11|2024|161
4100395522720338|02|2026|769
4100392440062117|07|2026|403
4100391112155480|06|2026|111
4100397363814824|10|2027|502
4100396556531500|05|2025|356
4100397058271702|10|2024|998
4100390235055064|08|2031|845
4100393542126826|04|2024|044
4100392743721575|08|2025|271
4100397785451130|10|2025|046
4100397571023036|12|2028|284
4100390031280007|12|2029|788
4100397435218822|01|2026|731
4100392452625355|09|2032|952
4100391170373561|08|2029|314
4100397585410104|03|2032|183
4100394755808761|07|2024|414
4100396184404385|11|2027|826
4100391418078337|11|2028|207
4100398778625052|02|2030|688
4100390201472582|01|2029|177
4100390142777107|01|2029|012
4100398860158681|08|2031|978
4100397662161364|02|2028|910
4100398432517224|10|2027|821
4100395043637581|03|2030|847
4100391023308376|02|2025|838
4100397636633878|11|2024|877
4100390132710241|11|2030|483
4100390733745331|01|2026|048
4100390440300313|03|2031|796
4100394464254406|07|2031|143
4100395243286320|08|2024|699
4100396558332428|11|2024|574
4100392483047538|10|2025|559
4100397887455203|08|2030|055
4100397012374204|03|2024|705
4100393858501141|08|2029|722
4100396750252143|10|2029|758
4100394863167811|02|2029|321
4100395346084788|01|2032|614
4100397078270262|09|2026|006
4100391130253010|09|2025|572
4100397717616560|07|2028|379
4100394312524604|09|2027|647
4100397203726014|12|2026|583
4100397047543633|07|2031|643
4100398103473368|10|2031|326
4100397772734142|05|2027|706
4100398181552828|01|2030|611
4100392232221780|06|2029|267
4100395672704108|01|2030|380
4100394505746550|06|2026|493
4100394720064052|01|2032|147
4100393406563536|10|2028|155
4100394481736146|05|2030|757
4100396171830311|11|2029|809
4100392381865460|09|2024|299
4100391762007262|04|2028|382
4100394678812270|04|2026|413
4100396245431146|10|2030|436
4100393806268348|03|2031|337
4100391754388472|07|2028|849
4100398110006110|07|2029|245
4100397134531608|06|2032|655
4100392252507142|04|2031|032
4100392425810134|10|2030|917
4100397520188245|01|2029|064
4100397751643223|03|2029|089
4100393245800305|04|2027|335
4100391331764401|02|2029|719
4100396014167327|01|2030|053
4100390357183173|05|2032|601
4100393047425665|11|2024|631
4100390808328252|07|2027|604
4100396216027287|04|2025|516
4100394311671737|03|2025|842
4100398173853176|02|2030|644
4100398805413183|01|2024|039
4100397222705544|06|2028|615
4100394146722176|08|2029|865
4100392668124441|09|2030|755
4100390587034170|04|2032|028
4100395745542618|12|2032|959
4100396271226824|01|2029|961
4100391231052337|02|2032|496
4100394061805352|03|2029|341
4100390247177518|04|2030|930
4100390218284665|05|2025|156
4100391061508101|11|2029|958
4100394584622573|09|2029|842
4100390578258606|05|2029|409
4100396872212363|02|2026|898
4100396275166075|03|2028|528
4100392276281153|04|2026|073
4100392564774042|12|2024|852
4100396460750402|06|2031|941
4100396780628502|01|2030|519
4100397014745781|05|2028|562
4100394276230818|05|2024|648
4100395735602117|03|2028|909
4100392554806531|06|2027|987
4100392721650648|01|2024|997
4100394162532582|09|2028|001
4100394687077774|01|2027|238
4100391126086622|06|2030|018
4100390722664881|10|2030|783
4100392583245081|07|2027|010
4100394778223154|08|2025|944
4100393854808052|02|2028|574
4100396826628656|08|2024|947
4100395773425058|03|2026|290
4100392114642780|12|2031|220
4100392154442463|08|2024|660
4100397752454851|11|2028|999
4100394814014518|05|2032|290
4100390552214260|07|2031|780
4100398801164012|03|2029|782
4100391750062188|06|2031|897
4100393882281868|12|2024|502
4100392848078616|12|2025|616
4100390301388753|07|2026|161
4100398722275855|05|2024|019
4100391811703358|12|2031|650
4100391677420337|10|2032|967
4100392044735522|07|2025|374
4100393020628145|07|2027|314
4100398054612485|01|2028|941
4100398286742431|10|2029|446
4100392562157513|07|2029|657
4100390846525380|12|2032|016
4100394836072627|03|2030|484
4100398126065001|11|2032|710
4100394102326814|11|2030|372
4100398384672175|11|2027|206
4100397658042164|07|2029|725
4100392124242860|06|2026|212
4100393622444115|06|2030|595
4100390558776445|06|2026|588
4100391530043151|05|2029|758
4100395423603716|09|2028|872
4100396011446831|02|2030|861
4100391512487806|07|2027|249
4100397821802254|12|2025|231
4100392886054024|05|2024|835
4100393252440433|09|2029|616
4100390025787652|05|2029|114
4100391475165126|10|2024|088
4100392721150334|07|2025|384
4100398880025647|05|2030|732
4100393436005383|12|2027|211
4100398718838617|12|2026|948
4100396056255063|08|2025|801
4100396200756768|02|2026|289
4100391643476280|03|2026|489
4100394223602150|06|2027|430
4100391734767365|04|2025|030
4100390746325774|07|2031|310
4100390334377658|10|2024|456
4100394127662474|09|2026|932
4100397502216204|03|2031|627
4100393132547514|10|2025|444
4100396712781015|01|2028|495
4100396802078702|12|2024|310
4100394151787221|10|2028|470
4100398750375684|04|2026|757
4100398854042321|03|2031|294
4100390247150671|10|2026|764
4100395628838786|02|2025|151
4100396175136087|09|2024|242
4100396541160332|02|2024|925
4100391054254234|02|2026|225
4100395370520541|10|2030|930
4100397538642068|06|2029|387
4100394340084373|11|2024|266
4100398162447717|05|2024|418
4100394325067088|09|2032|515
4100390214782274|02|2027|637
4100394206754853|09|2024|930
4100396282707242|03|2026|892
4100396107406277|05|2031|697
4100395816312552|08|2028|920
4100393725781645|01|2028|733
4100396361523361|07|2030|462
4100397344857611|02|2031|132
4100394223425222|12|2029|079
4100397044760016|03|2027|693
4100393138767066|01|2027|289
4100397032532765|06|2029|014
4100395306483475|06|2026|768
4100398017328302|04|2032|912
4100390287771311|11|2032|153
4100395531774722|03|2030|063
4100392188547212|05|2031|707
4100394664866553|04|2026|255
4100392820014464|07|2030|169
4100391484075324|11|2032|006
4100392441068071|04|2029|061
4100393537253486|09|2029|953
4100394800252445|05|2028|540
4100396054644540|11|2026|099
4100392388534333|04|2030|607
4100396341703455|02|2027|378
4100397251170636|06|2031|193
4100393227306040|08|2025|074
4100397425220572|10|2031|864
4100391427557107|12|2027|765
4100391574342436|04|2024|181
4100394553545540|12|2031|399
4100396375454785|02|2028|787
4100392322305733|09|2025|911
4100393834441081|03|2032|834
4100395037460602|01|2032|807
4100391517617571|08|2029|300
4100396500611614|10|2030|020
4100397800735368|02|2024|816
4100393580776045|05|2030|251
4100395041368056|10|2024|021
4100394673336218|04|2031|357
4100396124065668|09|2024|175
4100396150477688|02|2024|964
4100393072461643|11|2029|322
4100396833311585|08|2026|544
4100395288560613|01|2030|657
4100395601388072|08|2030|013
4100391153587278|10|2031|914
4100390586851681|10|2030|948
4100395742020337|07|2031|894
4100395015476455|08|2032|498
4100395625672451|02|2032|555
4100393621715218|10|2032|314
4100396474134882|06|2032|471
4100398706073011|07|2026|732
4100390748336407|05|2029|289
4100392825016654|08|2024|140
4100390305118164|08|2026|817
4100394508586144|06|2028|220
4100390387442144|07|2028|561
4100391536837721|09|2029|185
4100395585121358|08|2025|767
4100393155712136|07|2026|100
4100392807787132|08|2032|871
4100395554235742|03|2028|674
4100394177081666|04|2032|283
4100395544528560|02|2027|361
4100391277320226|01|2025|319
4100394356286102|09|2026|785
4100396107166822|07|2029|352
4100398341505203|07|2030|869
4100391206053658|09|2025|035
4100395773152231|06|2028|626
4100391287502334|06|2024|095
4100394537624155|09|2025|201
4100393400704573|07|2025|680
4100396853508557|07|2027|634
4100397207277782|11|2027|910
4100390614200877|02|2029|802
4100398756610456|12|2030|675
4100390887242085|01|2025|274
4100396588384233|04|2032|700
4100395612664875|12|2026|996
4100392467025211|05|2032|272
4100390307182564|02|2027|654
4100396142631434|12|2024|204
4100393856587258|10|2031|881
4100397103143534|12|2025|133
4100392224545113|08|2032|267
4100398424618303|06|2027|257
4100397864004750|01|2032|839
4100396386666674|10|2027|538
4100397017471542|05|2025|352
4100394666135726|02|2031|982
4100390775810712|10|2030|005
4100392704237751|10|2032|765
4100392546052335|11|2027|852
4100390724672866|11|2032|547
4100390278015686|02|2030|236
4100396615457382|11|2028|003
4100392183022518|02|2028|863
4100392072886643|01|2026|502
4100397702888455|03|2032|124
4100392385452851|01|2026|557
4100397140808313|03|2030|639
4100390032631232|05|2024|813
4100391054568187|06|2026|595
4100392074588452|03|2028|878
4100392487647762|02|2029|290
4100397186887510|06|2026|686
4100393013143722|04|2027|717
4100398618377823|05|2032|368
4100391164020004|05|2030|191
4100393664007242|03|2032|564
4100394725420713|06|2028|060
4100395076877237|05|2024|583
4100394761032315|08|2025|674
4100392888046374|11|2029|018
4100397000226705|03|2029|198
4100391535824886|10|2030|732
4100394804314274|08|2025|723
4100398740725584|06|2027|039
4100398055865322|08|2028|686
4100391466381161|08|2025|601
4100396324083354|11|2027|776
4100396851678626|05|2025|717
4100396265882426|05|2030|727
4100391154066173|12|2031|238
4100392347133177|05|2027|531
4100392710524440|03|2029|904
4100392323658767|02|2032|204
4100396804548306|06|2030|868
4100394245504475|06|2024|030
4100396211385201|04|2028|759
4100393176761617|03|2032|310
4100394883886036|04|2027|210
4100394810755114|08|2028|363
4100391428656106|03|2029|575
4100394320842717|06|2025|147
4100393534804513|05|2030|083
4100393052038346|11|2026|655
4100394808642316|09|2032|672
4100398667661200|12|2030|599
4100395737700653|04|2026|386
4100397071764014|06|2024|325
4100398113240138|03|2026|399
4100394716005812|12|2031|545
4100393118281427|03|2031|361
4100393430042515|06|2030|591
4100392651407381|09|2027|461
4100395655078025|09|2032|029
4100393448710558|12|2032|905
4100394131878066|09|2027|724
4100397581632172|08|2032|659
4100390167715768|10|2024|299
4100395228388034|02|2030|349
4100392263007025|10|2029|050
4100394680815741|03|2025|740
4100392741886107|12|2027|361
4100394541381818|07|2032|209
4100392456212044|09|2032|992
4100391814803031|03|2032|093
4100392645525181|10|2029|733
4100392043710583|04|2027|096
4100398767675035|04|2031|540
4100390115652071|07|2032|386
4100397844857731|05|2025|154
4100394511308833|09|2028|483
4100391383276874|04|2026|672
4100398071857733|03|2025|753
4100394152470280|04|2026|810
4100395474224164|02|2029|329
4100393472613751|06|2031|110
4100397585303622|03|2025|044
4100391237611284|06|2029|742
4100395840884451|09|2026|235
4100397763887701|07|2024|322
4100393353088388|12|2030|436
4100391765076801|06|2029|985
4100394585054867|10|2031|366
4100390250286057|01|2025|319
4100395125623624|04|2025|849
4100396242704230|09|2030|729
4100392435425022|09|2024|832
4100397167816157|02|2027|605
4100398473241460|09|2024|294
4100397785086522|09|2026|052
4100397087547213|04|2032|577
4100395602467305|01|2024|598
4100398100718146|06|2024|164
4100397702718173|07|2026|495
4100391857740413|08|2032|394
4100395586717006|07|2028|712
4100397673026820|06|2027|179
4100398561346510|01|2025|757
4100398388737180|12|2031|903
4100396635885166|05|2026|987
4100394151353131|02|2031|515
4100390216413274|05|2032|608
4100395657211335|12|2025|987
4100398311153240|07|2026|551
4100393321638603|11|2028|999
4100397744511727|01|2024|646
4100392638413627|09|2027|321
4100390271454148|06|2027|047
4100395381046080|01|2029|324
4100396265080252|08|2029|923
4100390701174480|07|2031|284
4100392318221381|09|2032|502
4100392734118534|11|2030|072
4100393014427538|04|2029|431
4100393565763463|01|2025|665
4100390831835414|07|2029|734
4100390784501336|09|2031|287
4100396567025575|08|2026|069
4100393136344884|03|2029|811
4100396824255015|01|2032|129
4100392650038252|03|2025|568
4100398487632506|06|2026|349
4100396506877466|01|2031|176
4100395476815068|06|2032|340
4100393486641368|01|2032|315
4100396481882820|10|2031|219
4100398083154806|05|2031|182
4100392022017646|06|2024|090
4100397570062456|02|2026|029
4100390777661154|07|2026|877
4100396767714762|02|2031|388
4100393523502508|05|2032|040
4100396701343157|12|2028|706
4100396040013388|03|2028|254
4100392232228272|05|2025|868
4100390037850613|12|2028|665
4100397537623200|11|2024|762
4100398150654605|04|2031|871
4100390804436661|08|2027|366
4100393880103775|06|2027|623
4100394610061564|05|2027|576
4100393024384216|02|2025|277
4100390517146524|02|2032|086
4100393528723158|04|2032|898
4100390041581303|03|2031|259
4100394044275764|01|2031|973
4100398367443156|06|2032|008
4100391681034405|09|2029|961
4100391627381134|03|2030|136
4100392248201602|07|2031|873
4100395184616204|04|2025|868
4100395326720450|08|2032|847
4100395137600644|10|2026|825
4100390771775661|09|2032|769
4100393055784417|03|2027|889
4100393104047030|11|2030|083
4100390154218305|04|2032|995
4100398375627675|05|2025|663
4100390871252835|08|2027|672
4100390237532508|05|2028|977
4100395651486743|09|2028|216
4100396467168228|05|2030|087
4100396584747466|08|2026|009
4100397800588742|08|2030|876
4100398787554442|12|2032|486
4100397151731321|09|2031|518
4100397275228337|10|2028|531
4100392637827207|07|2030|205
4100397824356613|03|2029|808
4100394155178864|12|2029|193
4100392060852631|04|2024|840
4100391864221050|10|2027|485
4100394740603764|03|2029|686
4100392154556650|11|2027|819
4100396634130515|06|2024|318
4100391104661875|04|2031|633
4100392570130437|07|2029|801
4100397837411181|12|2029|543
4100393526203401|05|2024|244
4100397613247130|11|2029|844
4100390028677173|09|2029|082
4100398315574813|07|2028|459
4100393765111877|11|2028|950
4100397042820754|02|2030|273
4100392524176742|05|2031|551
4100391561637020|08|2032|358
4100398228713417|03|2025|672
4100394783668187|11|2032|691
4100398000404334|12|2029|856
4100395287188077|01|2027|979
4100390412710051|03|2025|602
4100392788783878|08|2027|513
4100391074750328|09|2030|256
4100393735674244|02|2028|458
4100395270225654|03|2030|088
4100394042784288|05|2028|285
4100394648676334|09|2032|636
4100392525047371|01|2026|026
4100393170114631|05|2031|760
4100398714354064|04|2029|822
4100394782283574|01|2029|722
4100395345004118|06|2029|208
4100397231370348|10|2025|365
4100394468830144|10|2026|918
4100394065060582|12|2027|988
4100394607404215|03|2028|285
4100393578452781|03|2028|413
4100397204516711|03|2026|019
4100392085287730|11|2027|543
4100395015013860|12|2026|235
4100395326337131|12|2028|358
4100393813157682|12|2024|713
4100398382360732|06|2031|994
4100392855171726|03|2025|162
4100397685123250|02|2029|069
4100398641880736|04|2025|918
4100390757728064|02|2032|750
4100398044858651|09|2029|952
4100391614270837|07|2027|634
4100392420682686|04|2025|218
4100396601286555|06|2026|127
4100394477213167|01|2028|394
4100390838350524|01|2031|223
4100391213134335|08|2026|906
4100392555502642|02|2030|333
4100395256773412|01|2026|924
4100397802343823|07|2027|856
4100391320121647|10|2024|673
4100395023364263|02|2030|456
4100392753888157|03|2025|397
4100397346382253|04|2032|539
4100391676151453|02|2024|340
4100397270184006|08|2031|850
4100394408330825|09|2026|061
4100392321571277|11|2030|812
4100391583135888|09|2032|086
4100395021540625|07|2028|604
4100393208117168|04|2026|389
4100390566571283|03|2025|981
4100394581711551|02|2030|240
4100396142252736|01|2024|677
4100390034176145|05|2030|247
4100390210237828|07|2026|775
4100393814608071|02|2027|326
4100397427664348|06|2028|939
4100396327251453|11|2028|934
4100398684262032|07|2030|880
4100398057262882|11|2026|259
4100392840285664|05|2026|302
4100390732082678|02|2031|811
4100393821026028|05|2025|267
4100396814603075|01|2026|626
4100398473687340|06|2028|179
4100392856635315|09|2029|138
4100396282622052|01|2028|134
4100390416278683|02|2025|764
4100394530571486|11|2024|027
4100392304105317|07|2030|084
4100392065682181|09|2025|198
4100395151628661|11|2031|987
4100390732384140|11|2027|486
4100398551250425|06|2027|414
4100396664455402|11|2029|774
4100394542022742|12|2025|669
4100393363602418|03|2027|076
4100395453153442|08|2024|453
4100394535366346|07|2032|464
4100397284753002|05|2024|250
4100393371570474|06|2031|282
4100390701008738|02|2030|626
4100392231341076|07|2025|671
4100395745872031|07|2024|481
4100392355242415|04|2030|974
4100392872735354|08|2032|085
4100396284656066|07|2029|758
4100396521120058|08|2027|373
4100397845073528|07|2025|982
4100392181341118|07|2025|538
4100398571758464|03|2028|785
4100394270115403|06|2024|653
4100395306166450|02|2029|830
4100395686362448|06|2025|440
4100392345556486|08|2028|108
4100395733878107|04|2024|913
4100398682128722|11|2032|705
4100392648371260|08|2032|146
4100394782661241|04|2031|423
4100397627860241|11|2031|848
4100396240668155|04|2027|487
4100390436425470|11|2031|942
4100394847120548|05|2027|844
4100393366408367|08|2030|864
4100393107310765|09|2029|871
4100397863067725|11|2026|637
4100396725473006|10|2028|313
4100398278631311|01|2029|054
4100392377746252|08|2025|853
4100394706004023|07|2026|756
4100395087807413|07|2031|193
4100390286124215|11|2031|057
4100391840831543|07|2029|403
4100394257470177|04|2026|780
4100394438867374|11|2028|813
4100393667518518|04|2027|531
4100391278842772|07|2029|232
4100391677848230|07|2030|963
4100394150756805|05|2028|955
4100394842173088|03|2032|189
4100396415034613|11|2026|244
4100391855777045|10|2031|015
4100396132078612|06|2024|447
4100393060806478|08|2024|227
4100398721823218|07|2029|516
4100394504304674|01|2027|225
4100395840605674|10|2030|525
4100398145310586|12|2028|806
4100390362318160|06|2032|343
4100394142461001|01|2025|879
4100398004423355|01|2027|475
4100397224155110|11|2025|635
4100394114452814|03|2032|070
4100394173077510|06|2029|313
4100390774714824|11|2030|135
4100393364641050|05|2031|957
4100395752152574|07|2025|104
4100395141406400|03|2029|879
4100398450466056|09|2024|259
4100392586710586|10|2031|321
4100393076224807|04|2027|770
4100391165338355|06|2027|066
4100396568224177|06|2028|666
4100398365041168|10|2028|013
4100396806737261|11|2032|098
4100391731012534|03|2027|029
4100395452808228|06|2031|668
4100397068263111|10|2024|595
4100397373213207|03|2029|597
4100393877264002|01|2031|887
4100396148048716|04|2024|034
4100395282782668|10|2031|668
4100398866613168|10|2025|736
4100396015413720|06|2024|230
4100397866551832|03|2025|129
4100393416244267|04|2024|965
4100394746735123|12|2031|000
4100397251714854|09|2032|025
4100390755256464|05|2027|037
4100390663781181|05|2032|571
4100391067787402|12|2028|938
4100391738367030|09|2031|750
4100396111283233|06|2030|501
4100397456506725|04|2032|693
4100396574885177|01|2028|649
4100392664867431|05|2025|244
4100393185241742|10|2031|610
4100394804025631|03|2027|436
4100391284833724|07|2031|143
4100394538744283|03|2027|950
4100390873665018|02|2024|028
4100397158703877|10|2026|371
4100393403286651|12|2029|361
4100394730655212|04|2030|287
4100390303821306|11|2024|843
4100395705427024|08|2024|080
4100391464715600|07|2025|655
4100396871027853|09|2030|812
4100396743475017|09|2032|840
4100395830101361|06|2028|859
4100391343406538|04|2026|508
4100396331256472|08|2029|434
4100394760832137|05|2026|406
4100391264071071|02|2030|875
4100393681146445|09|2028|765
4100394101450375|08|2028|380
4100396427764611|01|2028|242
4100394657321053|07|2030|086
4100394123165746|10|2031|870
4100398850717868|10|2026|342
4100393252778758|03|2029|649
4100397683213657|09|2028|839
4100394824055386|10|2025|885
4100397886478628|07|2029|578
4100398466220851|02|2030|352
4100393786878207|07|2028|215
4100393554855700|08|2031|212
4100390472253273|09|2025|690
4100398423080356|09|2028|171
4100392317338467|05|2028|414
4100392160303055|09|2029|484
4100398317788320|05|2027|810
4100393075813675|12|2028|937
4100393074685165|04|2025|542
4100391568416626|11|2031|681
4100397484434668|12|2029|109
4100391374400400|05|2027|410
4100392560428015|03|2032|732
4100392261171757|06|2026|819
4100390550585042|12|2029|154
4100397084075663|07|2031|830
4100393545603730|08|2031|276
4100398282687770|10|2031|104
4100394448668747|11|2027|617
4100391845872658|09|2027|867
4100393406324251|08|2029|086
4100392664481530|10|2024|482
4100392032665541|10|2024|416
4100392664266634|10|2024|770
4100391270828035|12|2029|346
4100396261533262|11|2027|231
4100397762132257|01|2027|566
4100396275256736|08|2029|207
4100392346026232|12|2025|706
4100396104107464|07|2028|511
4100397307616087|01|2024|949
4100393067147678|12|2031|230
4100398625070411|12|2029|457
4100390033535424|05|2028|951
4100393357475433|05|2032|737
4100394310106537|03|2028|735
4100393515536787|01|2024|072
4100390832206722|05|2025|585
4100394383844147|10|2030|015
4100397001017624|07|2026|970
4100398640862743|09|2024|495
4100390005231762|11|2025|727
4100396417740332|04|2029|762
4100391751688668|04|2029|648
4100392426352011|12|2031|554
4100395542147660|07|2024|456
4100395171814747|04|2024|960
4100394684056565|03|2024|497
4100395532413635|01|2028|185
4100398480203321|11|2029|196
4100393722572831|07|2026|473
4100391531102808|10|2028|535
4100394717544462|06|2028|092
4100396456162042|08|2032|910
4100393378230445|01|2032|847
4100390353155647|04|2031|808
4100396002256454|06|2025|835
4100398760576602|06|2030|970
4100395654215685|06|2032|373
4100392885477143|10|2032|087
4100398676422651|11|2026|286
4100395785327227|10|2031|365
4100396062278042|05|2025|052
4100397728570871|10|2028|645
4100391627831682|06|2029|330
4100397058027880|10|2024|544
4100393834762858|10|2027|287
4100395685654605|06|2029|278
4100398388687500|07|2025|038
4100396881862513|01|2032|990
4100393578570715|11|2026|952
4100397141867748|06|2026|358
4100393411658263|12|2024|706
4100392327158640|02|2031|209
4100390333508154|05|2024|765
4100398712572154|10|2026|961
4100392815143161|11|2032|522
4100392444821658|12|2032|575
4100392505377376|08|2027|854
4100398667170830|12|2027|907
4100391832312452|09|2024|484
4100395843730271|03|2032|880
4100397375120350|04|2030|590
4100396655430612|07|2032|627
4100392671532226|01|2029|367
4100396345216504|09|2030|170
4100396776086384|09|2026|581
4100396822545714|02|2030|008
4100393435177803|12|2032|148
4100397721706423|04|2027|590
4100391233411465|05|2032|886
4100398775234536|02|2030|389
4100398153847644|12|2031|246
4100394162570780|12|2032|947
4100392251177541|02|2025|937
4100391632845107|10|2027|753
4100397538666604|11|2030|122
4100392568024535|08|2024|044
4100392113588323|07|2032|789
4100392564730713|10|2027|980
4100396430516362|04|2025|461
4100396344722668|06|2026|053
4100393451686646|12|2025|575
4100398761304053|08|2031|470
4100393054471545|09|2030|225
4100390044280242|09|2026|418
4100392768136584|01|2027|479
4100393834877243|05|2024|254
4100392768603104|06|2029|103
4100394361340175|09|2031|811
4100395648000078|03|2026|276
4100397168684331|08|2032|895
4100394185435151|03|2027|786
4100396101338716|02|2026|998
4100395202543810|03|2028|646
4100390073354421|09|2028|045
4100395150327620|06|2029|165
4100398857261084|12|2024|648
4100394055361271|06|2027|932
4100395420671765|04|2030|794
4100394212863136|03|2032|834
4100394481100160|07|2027|585
4100393777275082|06|2030|278
4100397437184717|07|2029|324
4100398674682884|12|2031|838
4100392305616353|04|2031|207
4100397783347074|01|2028|455
4100398033127266|12|2031|078
4100392700385711|02|2027|223
4100392765504602|11|2027|826
4100391060545245|10|2024|663
4100393474178571|02|2027|828
4100390621324371|01|2028|460
4100390007752666|09|2032|627
4100390332708300|03|2031|072
4100397536132203|10|2026|898
4100394281257657|03|2024|419
4100391164686820|08|2028|928
4100392082887201|08|2024|109
4100398043443406|04|2028|592
4100391400646448|09|2031|605
4100392485762621|04|2026|408
4100392403320478|05|2031|533
4100392568278057|02|2024|711
4100390220134700|01|2031|934
4100394510807413|10|2026|437
4100394467470322|05|2029|719
4100391527451326|01|2030|334
